############################
#        Scrabble          #
#                          #
############################


15x15

Objects:
JFrame
-Game board
--Tiles
-Tray
--7 letters in tray
-Buttons
--Play
--Recall
--Exchange letters
--Pass



Things each tile needs to know:
-isBlank()
-letter()
-score()
-coord()
-



Game board bonus layout:
[0,0]
[0,3]
[0,7]
[0,11]
[0,14]
[1,1]
[1,5]
[1,9]
[1,13]
[2,2]
[2,6]
[2,8]
[2,12]
[3,0]
[3,3]
[3,7]
[3,11]
[3,14]
[4,4]
[4,10]
[5,1]
[5,5]
[5,9]
[5,13]
[6,2]
[6,6]
[6,8]
[6,12]
[7,0]
[7,3]
[7,7]star
[7,11]
[7,14]
[8,2]
[8,6]
[8,8]
[8,12]
[9,1]
[9,5]
[9,9]
[9,13]
[10,]
[10,0]
[11,0]
[11,0]
[11,0]
[11,0]
[11,0]
[12,0]
[12,0]
[12,0]
[12,0]
[13,0]
[13,0]
[13,0]
[13,0]
[14,0]
[14,0]
[14,0]
[14,0]
[14,0]
